SIZEOF(t(1)) =  4
  p(3) =   0.896063924    
 p is associated
  p(3) =   -5.38775475E+19
