  p(3) =    7.11942315E-02
 p is associated
  p(3) =   0.364870191    
